10
9
8
7
6
65
64
36
35
11
175
135
174
34
37
63
66
16
15
14
13
12
1
2
20
33
32
31
30
95
67
62
38
173
136
134
98
133
137
172
61
68
94
42
41
40
39
26
19
3
4
18
27
45
60
59
58
102
93
69
171
138
132
99
97
250
96
100
131
139
170
92
103
72
71
70
55
44
28
17
5
50
79
29
43
56
74
91
90
128
104
169
140
130
101
247
248
249
215
216
217
218
219
129
141
168
127
106
105
88
73
57
84
78
51
49
23
48
52
77
85
110
89
107
126
143
167
142
208
209
210
211
212
213
214
176
177
178
179
180
181
182
183
184
166
144
125
123
109
86
76
53
47
24
22
0
21
25
46
54
75
87
108
124
145
165
185
206
222
243
255
276
284
305
309
330
308
306
283
277
254
244
221
207
205
186
164
146
147
148
149
150
151
152
153
154
116
117
118
119
120
121
122
188
163
187
204
223
241
220
245
253
278
282
307
281
279
252
246
273
257
242
225
224
203
162
189
201
111
112
113
114
115
81
82
83
229
200
190
161
226
202
240
239
256
274
287
301
251
280
325
313
302
286
275
260
259
258
227
238
160
191
199
230
234
80
233
231
198
192
159
261
237
228
272
271
270
285
303
312
326
327
311
304
291
290
289
288
236
262
269
158
193
197
232
196
194
157
292
268
263
235
300
299
298
297
310
328
329
318
317
316
315
314
264
267
293
296
156
195
155
319
295
294
266
265
324
323
322
321
320
