8
7
6
5
54
30
29
9
116
84
115
28
31
53
13
12
11
10
1
2
16
27
26
25
57
52
32
114
85
83
55
82
86
113
51
58
35
34
33
22
15
3
4
14
23
37
50
49
79
59
112
87
81
56
174
148
149
150
80
88
111
78
61
60
47
36
24
43
41
19
40
44
65
48
62
77
90
110
89
143
144
145
146
147
117
118
119
120
121
122
123
109
91
76
74
64
45
39
20
18
0
17
21
38
46
63
75
92
108
124
141
153
170
178
195
199
216
198
196
177
171
152
142
140
125
107
93
94
95
96
97
98
99
69
70
71
72
73
127
106
126
139
154
168
151
172
176
197
175
173
192
180
169
156
155
138
105
128
136
66
67
68
42
160
135
129
104
157
137
167
166
179
193
202
212
213
201
194
183
182
181
158
165
103
130
134
161
133
131
102
184
164
159
191
190
189
200
214
215
206
205
204
203
163
185
188
101
132
100
207
187
186
162
211
210
209
208
