9
8
7
6
5
59
33
32
10
126
125
127
31
34
58
61
14
13
12
11
1
2
18
30
29
28
27
62
57
35
128
124
91
90
92
123
129
56
63
87
38
37
36
24
17
3
4
16
25
41
55
54
53
86
64
130
122
93
89
60
196
197
88
94
121
131
85
96
66
65
51
40
26
15
46
45
47
72
39
52
68
84
83
97
132
120
95
192
193
194
195
163
164
165
166
167
168
119
133
118
98
82
67
79
71
48
44
21
20
22
43
49
70
80
101
99
117
134
155
156
157
158
159
160
161
162
270
251
247
228
220
201
189
170
154
135
116
100
81
69
50
42
23
19
0
108
109
110
111
112
113
114
115
136
153
171
169
190
200
221
227
248
250
249
226
222
199
191
203
188
172
152
137
151
102
103
104
105
106
107
75
76
77
78
175
150
138
173
187
186
202
218
231
198
223
225
224
255
244
230
219
205
204
174
185
139
149
176
182
73
74
210
181
177
148
140
206
184
217
216
215
229
245
254
266
267
253
246
234
233
232
183
207
214
141
147
178
180
179
146
142
235
213
208
243
242
241
240
252
268
269
259
258
257
256
209
212
236
239
143
145
144
260
238
237
211
265
264
263
262
261
