11
10
9
8
7
6
70
69
39
38
12
187
186
188
37
40
68
71
103
17
16
15
14
13
1
2
22
36
35
34
33
32
102
72
67
41
189
185
144
143
145
184
190
66
73
101
108
45
44
43
42
28
21
3
4
20
29
49
65
64
63
62
109
100
74
191
183
146
142
105
104
106
141
147
182
192
99
110
138
77
76
75
59
48
30
19
5
86
18
31
47
60
80
98
97
96
137
111
193
181
148
140
107
308
309
273
274
275
276
139
149
180
194
136
151
113
112
94
79
61
46
89
85
54
53
55
84
90
119
78
95
115
135
134
152
195
179
150
267
268
269
270
271
272
232
233
234
235
236
237
238
239
178
196
177
153
133
114
130
118
91
83
56
52
25
24
26
51
57
82
92
117
131
156
154
176
197
222
223
224
225
226
227
228
229
230
231
396
373
369
346
338
315
303
280
264
241
221
198
175
155
132
116
93
81
58
50
27
23
0
165
166
167
168
169
170
171
172
173
174
199
220
242
240
265
279
304
314
339
345
370
372
371
344
340
313
305
278
266
282
263
243
219
200
218
157
158
159
160
161
162
163
164
124
125
126
127
128
129
246
217
201
244
262
261
281
301
318
277
306
312
341
343
342
311
307
350
335
317
302
284
283
245
260
202
216
247
257
120
121
122
123
87
88
289
256
248
215
203
285
259
300
299
298
316
336
349
365
378
310
391
377
366
348
337
321
320
319
258
286
297
204
214
249
255
290
292
291
254
250
213
205
322
296
287
334
333
332
331
347
367
376
392
393
375
368
354
353
352
351
288
295
323
330
206
212
251
253
252
211
207
355
329
324
294
364
363
362
361
360
374
394
395
383
382
381
380
379
293
325
328
356
359
208
210
209
384
358
357
327
326
390
389
388
387
386
385
