12
11
10
9
8
7
111
75
74
42
41
13
246
198
245
40
43
73
76
110
19
18
17
16
15
14
1
2
24
39
38
37
36
35
114
109
77
72
44
244
199
197
153
196
200
243
71
78
108
115
49
48
47
46
45
30
23
3
4
22
31
53
70
69
68
67
148
116
107
79
242
201
195
154
152
112
151
155
194
202
241
106
117
147
83
82
81
80
63
52
32
21
5
6
20
33
51
64
86
105
104
103
159
146
118
240
203
193
156
150
113
375
337
338
339
149
157
192
204
239
145
160
121
120
119
100
85
65
50
34
94
92
58
91
95
128
66
84
101
123
144
143
189
161
238
205
191
158
332
333
334
335
336
294
295
296
297
298
299
300
190
206
237
188
163
162
141
122
102
137
127
96
90
59
57
27
56
60
89
97
126
138
167
142
164
187
208
236
207
285
286
287
288
289
290
291
292
293
247
248
249
250
251
252
253
254
255
256
257
235
209
186
184
166
139
125
98
88
61
55
28
26
0
25
29
54
62
87
99
124
140
165
185
210
234
258
283
303
328
344
369
381
406
414
439
443
468
442
440
413
407
380
370
343
329
302
284
282
259
233
211
212
213
214
215
216
217
218
219
220
221
175
176
177
178
179
180
181
182
183
261
232
260
281
304
326
301
330
342
371
379
408
412
441
411
409
378
372
341
331
366
346
327
306
305
280
231
262
278
168
169
170
171
172
173
174
132
133
134
135
136
310
277
263
230
307
279
325
324
345
367
384
402
340
373
377
410
376
374
434
418
403
383
368
349
348
347
308
323
229
264
276
311
319
129
130
131
93
355
318
312
275
265
228
350
322
309
365
364
363
382
404
417
435
448
462
463
447
436
416
405
388
387
386
385
321
351
362
227
266
274
313
317
356
316
314
273
267
226
389
361
352
320
401
400
399
398
415
437
446
464
465
445
438
423
422
421
420
419
353
360
390
397
225
268
272
315
271
269
224
424
396
391
359
354
433
432
431
430
429
444
466
467
454
453
452
451
450
449
358
392
395
425
428
223
270
222
455
427
426
394
393
357
461
460
459
458
457
456
