7
6
5
4
27
26
8
77
76
78
25
28
48
11
10
9
1
2
14
24
23
22
47
29
79
75
50
49
51
74
80
46
53
31
30
20
13
3
37
12
21
33
45
44
54
81
73
52
129
130
106
107
108
109
72
82
71
55
43
32
40
36
17
16
18
35
41
58
56
70
83
100
101
102
103
104
105
168
153
149
134
126
111
99
84
69
57
42
34
19
15
0
63
64
65
66
67
68
85
98
112
110
127
133
150
152
151
132
128
136
125
113
97
86
96
59
60
61
62
38
39
116
95
87
114
124
123
135
147
156
131
165
155
148
138
137
115
122
88
94
117
119
118
93
89
139
121
146
145
144
154
166
167
159
158
157
120
140
143
90
92
91
160
142
141
164
163
162
161
