0
2
3
4
5
6
1
9
10
11
12
13
14
15
16
17
18
7
8
22
21
23
25
24
26
28
27
29
31
30
32
34
33
35
19
36
20
41
40
43
42
45
44
47
46
49
48
51
50
53
52
55
54
57
56
59
58
37
60
39
38
66
65
64
68
67
71
70
69
73
72
76
75
74
78
77
81
80
79
83
82
86
85
84
88
87
61
90
89
63
62
97
96
95
100
99
98
103
102
101
106
105
104
109
108
107
112
111
110
115
114
113
118
117
116
121
120
119
124
123
122
91
126
125
94
93
92
134
133
132
131
137
136
135
141
140
139
138
144
143
142
148
147
146
145
151
150
149
155
154
153
152
158
157
156
162
161
160
159
165
164
163
127
168
167
166
130
129
128
177
176
175
174
181
180
179
178
185
184
183
182
189
188
187
186
193
192
191
190
197
196
195
194
201
200
199
198
205
204
203
202
209
208
207
206
213
212
211
210
169
216
215
214
173
172
171
170
226
225
224
223
222
230
229
228
227
235
234
233
232
231
239
238
237
236
244
243
242
241
240
248
247
246
245
253
252
251
250
249
257
256
255
254
262
261
260
259
258
266
265
264
263
217
270
269
268
267
221
220
219
218
