0	-0.5	-0.866025	0.1
1	-0.416667	-0.866025	0.1
2	-0.333333	-0.866025	0.1
3	-0.25	-0.866025	0.1
4	-0.166667	-0.866025	0.1
5	-0.0833333	-0.866025	0.1
6	0	-0.866025	0.1
7	0.0833333	-0.866025	0.1
8	0.166667	-0.866025	0.1
9	0.25	-0.866025	0.1
10	0.333333	-0.866025	0.1
11	0.416667	-0.866025	0.1
12	0.5	-0.866025	0.1
13	0.541667	-0.793857	0.1
14	0.458333	-0.793857	0.1
15	0.375	-0.793857	0.1
16	0.291667	-0.793857	0.1
17	0.208333	-0.793857	0.1
18	0.125	-0.793857	0.1
19	0.0416667	-0.793857	0.1
20	-0.0416667	-0.793857	0.1
21	-0.125	-0.793857	0.1
22	-0.208333	-0.793857	0.1
23	-0.291667	-0.793857	0.1
24	-0.375	-0.793857	0.1
25	-0.458333	-0.793857	0.1
26	-0.541667	-0.793857	0.1
27	-0.583333	-0.721688	0.1
28	-0.5	-0.721688	0.1
29	-0.416667	-0.721688	0.1
30	-0.333333	-0.721688	0.1
31	-0.25	-0.721688	0.1
32	-0.166667	-0.721688	0.1
33	-0.0833333	-0.721688	0.1
34	0	-0.721688	0.1
35	0.0833333	-0.721688	0.1
36	0.166667	-0.721688	0.1
37	0.25	-0.721688	0.1
38	0.333333	-0.721688	0.1
39	0.416667	-0.721688	0.1
40	0.5	-0.721688	0.1
41	0.583333	-0.721688	0.1
42	0.625	-0.649519	0.1
43	0.541667	-0.649519	0.1
44	0.458333	-0.649519	0.1
45	0.375	-0.649519	0.1
46	0.291667	-0.649519	0.1
47	0.208333	-0.649519	0.1
48	0.125	-0.649519	0.1
49	0.0416667	-0.649519	0.1
50	-0.0416667	-0.649519	0.1
51	-0.125	-0.649519	0.1
52	-0.208333	-0.649519	0.1
53	-0.291667	-0.649519	0.1
54	-0.375	-0.649519	0.1
55	-0.458333	-0.649519	0.1
56	-0.541667	-0.649519	0.1
57	-0.625	-0.649519	0.1
58	-0.666667	-0.57735	0.1
59	-0.583333	-0.57735	0.1
60	-0.5	-0.57735	0.1
61	-0.416667	-0.57735	0.1
62	-0.333333	-0.57735	0.1
63	-0.25	-0.57735	0.1
64	-0.166667	-0.57735	0.1
65	-0.0833333	-0.57735	0.1
66	0	-0.57735	0.1
67	0.0833333	-0.57735	0.1
68	0.166667	-0.57735	0.1
69	0.25	-0.57735	0.1
70	0.333333	-0.57735	0.1
71	0.416667	-0.57735	0.1
72	0.5	-0.57735	0.1
73	0.583333	-0.57735	0.1
74	0.666667	-0.57735	0.1
75	0.708333	-0.505181	0.1
76	0.625	-0.505181	0.1
77	0.541667	-0.505181	0.1
78	0.458333	-0.505181	0.1
79	0.375	-0.505181	0.1
80	0.291667	-0.505181	0.1
81	0.208333	-0.505181	0.1
82	0.125	-0.505181	0.1
83	0.0416667	-0.505181	0.1
84	-0.0416667	-0.505181	0.1
85	-0.125	-0.505181	0.1
86	-0.208333	-0.505181	0.1
87	-0.291667	-0.505181	0.1
88	-0.375	-0.505181	0.1
89	-0.458333	-0.505181	0.1
90	-0.541667	-0.505181	0.1
91	-0.625	-0.505181	0.1
92	-0.708333	-0.505181	0.1
93	-0.75	-0.433013	0.1
94	-0.666667	-0.433013	0.1
95	-0.583333	-0.433013	0.1
96	-0.5	-0.433013	0.1
97	-0.416667	-0.433013	0.1
98	-0.333333	-0.433013	0.1
99	-0.25	-0.433013	0.1
100	-0.166667	-0.433013	0.1
101	-0.0833333	-0.433013	0.1
102	0	-0.433013	0.1
103	0.0833333	-0.433013	0.1
104	0.166667	-0.433013	0.1
105	0.25	-0.433013	0.1
106	0.333333	-0.433013	0.1
107	0.416667	-0.433013	0.1
108	0.5	-0.433013	0.1
109	0.583333	-0.433013	0.1
110	0.666667	-0.433013	0.1
111	0.75	-0.433013	0.1
112	0.791667	-0.360844	0.1
113	0.708333	-0.360844	0.1
114	0.625	-0.360844	0.1
115	0.541667	-0.360844	0.1
116	0.458333	-0.360844	0.1
117	0.375	-0.360844	0.1
118	0.291667	-0.360844	0.1
119	0.208333	-0.360844	0.1
120	0.125	-0.360844	0.1
121	0.0416667	-0.360844	0.1
122	-0.0416667	-0.360844	0.1
123	-0.125	-0.360844	0.1
124	-0.208333	-0.360844	0.1
125	-0.291667	-0.360844	0.1
126	-0.375	-0.360844	0.1
127	-0.458333	-0.360844	0.1
128	-0.541667	-0.360844	0.1
129	-0.625	-0.360844	0.1
130	-0.708333	-0.360844	0.1
131	-0.791667	-0.360844	0.1
132	-0.833333	-0.288675	0.1
133	-0.75	-0.288675	0.1
134	-0.666667	-0.288675	0.1
135	-0.583333	-0.288675	0.1
136	-0.5	-0.288675	0.1
137	-0.416667	-0.288675	0.1
138	-0.333333	-0.288675	0.1
139	-0.25	-0.288675	0.1
140	-0.166667	-0.288675	0.1
141	-0.0833333	-0.288675	0.1
142	0	-0.288675	0.1
143	0.0833333	-0.288675	0.1
144	0.166667	-0.288675	0.1
145	0.25	-0.288675	0.1
146	0.333333	-0.288675	0.1
147	0.416667	-0.288675	0.1
148	0.5	-0.288675	0.1
149	0.583333	-0.288675	0.1
150	0.666667	-0.288675	0.1
151	0.75	-0.288675	0.1
152	0.833333	-0.288675	0.1
153	0.875	-0.216506	0.1
154	0.791667	-0.216506	0.1
155	0.708333	-0.216506	0.1
156	0.625	-0.216506	0.1
157	0.541667	-0.216506	0.1
158	0.458333	-0.216506	0.1
159	0.375	-0.216506	0.1
160	0.291667	-0.216506	0.1
161	0.208333	-0.216506	0.1
162	0.125	-0.216506	0.1
163	0.0416667	-0.216506	0.1
164	-0.0416667	-0.216506	0.1
165	-0.125	-0.216506	0.1
166	-0.208333	-0.216506	0.1
167	-0.291667	-0.216506	0.1
168	-0.375	-0.216506	0.1
169	-0.458333	-0.216506	0.1
170	-0.541667	-0.216506	0.1
171	-0.625	-0.216506	0.1
172	-0.708333	-0.216506	0.1
173	-0.791667	-0.216506	0.1
174	-0.875	-0.216506	0.1
175	-0.916667	-0.144338	0.1
176	-0.833333	-0.144338	0.1
177	-0.75	-0.144338	0.1
178	-0.666667	-0.144338	0.1
179	-0.583333	-0.144338	0.1
180	-0.5	-0.144338	0.1
181	-0.416667	-0.144338	0.1
182	-0.333333	-0.144338	0.1
183	-0.25	-0.144338	0.1
184	-0.166667	-0.144338	0.1
185	-0.0833333	-0.144338	0.1
186	0	-0.144338	0.1
187	0.0833333	-0.144338	0.1
188	0.166667	-0.144338	0.1
189	0.25	-0.144338	0.1
190	0.333333	-0.144338	0.1
191	0.416667	-0.144338	0.1
192	0.5	-0.144338	0.1
193	0.583333	-0.144338	0.1
194	0.666667	-0.144338	0.1
195	0.75	-0.144338	0.1
196	0.833333	-0.144338	0.1
197	0.916667	-0.144338	0.1
198	0.958333	-0.0721688	0.1
199	0.875	-0.0721688	0.1
200	0.791667	-0.0721688	0.1
201	0.708333	-0.0721688	0.1
202	0.625	-0.0721688	0.1
203	0.541667	-0.0721688	0.1
204	0.458333	-0.0721688	0.1
205	0.375	-0.0721688	0.1
206	0.291667	-0.0721688	0.1
207	0.208333	-0.0721688	0.1
208	0.125	-0.0721688	0.1
209	0.0416667	-0.0721688	0.1
210	-0.0416667	-0.0721688	0.1
211	-0.125	-0.0721688	0.1
212	-0.208333	-0.0721688	0.1
213	-0.291667	-0.0721688	0.1
214	-0.375	-0.0721688	0.1
215	-0.458333	-0.0721688	0.1
216	-0.541667	-0.0721688	0.1
217	-0.625	-0.0721688	0.1
218	-0.708333	-0.0721688	0.1
219	-0.791667	-0.0721688	0.1
220	-0.875	-0.0721688	0.1
221	-0.958333	-0.0721688	0.1
222	-1	0	0.1
223	-0.916667	0	0.1
224	-0.833333	0	0.1
225	-0.75	0	0.1
226	-0.666667	0	0.1
227	-0.583333	0	0.1
228	-0.5	0	0.1
229	-0.416667	0	0.1
230	-0.333333	0	0.1
231	-0.25	0	0.1
232	-0.166667	0	0.1
233	-0.0833333	0	0.1
234	0	0	0.1
235	0.0833333	0	0.1
236	0.166667	0	0.1
237	0.25	0	0.1
238	0.333333	0	0.1
239	0.416667	0	0.1
240	0.5	0	0.1
241	0.583333	0	0.1
242	0.666667	0	0.1
243	0.75	0	0.1
244	0.833333	0	0.1
245	0.916667	0	0.1
246	1	0	0.1
247	0.958333	0.0721688	0.1
248	0.875	0.0721688	0.1
249	0.791667	0.0721688	0.1
250	0.708333	0.0721688	0.1
251	0.625	0.0721688	0.1
252	0.541667	0.0721688	0.1
253	0.458333	0.0721688	0.1
254	0.375	0.0721688	0.1
255	0.291667	0.0721688	0.1
256	0.208333	0.0721688	0.1
257	0.125	0.0721688	0.1
258	0.0416667	0.0721688	0.1
259	-0.0416667	0.0721688	0.1
260	-0.125	0.0721688	0.1
261	-0.208333	0.0721688	0.1
262	-0.291667	0.0721688	0.1
263	-0.375	0.0721688	0.1
264	-0.458333	0.0721688	0.1
265	-0.541667	0.0721688	0.1
266	-0.625	0.0721688	0.1
267	-0.708333	0.0721688	0.1
268	-0.791667	0.0721688	0.1
269	-0.875	0.0721688	0.1
270	-0.958333	0.0721688	0.1
271	-0.916667	0.144338	0.1
272	-0.833333	0.144338	0.1
273	-0.75	0.144338	0.1
274	-0.666667	0.144338	0.1
275	-0.583333	0.144338	0.1
276	-0.5	0.144338	0.1
277	-0.416667	0.144338	0.1
278	-0.333333	0.144338	0.1
279	-0.25	0.144338	0.1
280	-0.166667	0.144338	0.1
281	-0.0833333	0.144338	0.1
282	0	0.144338	0.1
283	0.0833333	0.144338	0.1
284	0.166667	0.144338	0.1
285	0.25	0.144338	0.1
286	0.333333	0.144338	0.1
287	0.416667	0.144338	0.1
288	0.5	0.144338	0.1
289	0.583333	0.144338	0.1
290	0.666667	0.144338	0.1
291	0.75	0.144338	0.1
292	0.833333	0.144338	0.1
293	0.916667	0.144338	0.1
294	0.875	0.216506	0.1
295	0.791667	0.216506	0.1
296	0.708333	0.216506	0.1
297	0.625	0.216506	0.1
298	0.541667	0.216506	0.1
299	0.458333	0.216506	0.1
300	0.375	0.216506	0.1
301	0.291667	0.216506	0.1
302	0.208333	0.216506	0.1
303	0.125	0.216506	0.1
304	0.0416667	0.216506	0.1
305	-0.0416667	0.216506	0.1
306	-0.125	0.216506	0.1
307	-0.208333	0.216506	0.1
308	-0.291667	0.216506	0.1
309	-0.375	0.216506	0.1
310	-0.458333	0.216506	0.1
311	-0.541667	0.216506	0.1
312	-0.625	0.216506	0.1
313	-0.708333	0.216506	0.1
314	-0.791667	0.216506	0.1
315	-0.875	0.216506	0.1
316	-0.833333	0.288675	0.1
317	-0.75	0.288675	0.1
318	-0.666667	0.288675	0.1
319	-0.583333	0.288675	0.1
320	-0.5	0.288675	0.1
321	-0.416667	0.288675	0.1
322	-0.333333	0.288675	0.1
323	-0.25	0.288675	0.1
324	-0.166667	0.288675	0.1
325	-0.0833333	0.288675	0.1
326	0	0.288675	0.1
327	0.0833333	0.288675	0.1
328	0.166667	0.288675	0.1
329	0.25	0.288675	0.1
330	0.333333	0.288675	0.1
331	0.416667	0.288675	0.1
332	0.5	0.288675	0.1
333	0.583333	0.288675	0.1
334	0.666667	0.288675	0.1
335	0.75	0.288675	0.1
336	0.833333	0.288675	0.1
337	0.791667	0.360844	0.1
338	0.708333	0.360844	0.1
339	0.625	0.360844	0.1
340	0.541667	0.360844	0.1
341	0.458333	0.360844	0.1
342	0.375	0.360844	0.1
343	0.291667	0.360844	0.1
344	0.208333	0.360844	0.1
345	0.125	0.360844	0.1
346	0.0416667	0.360844	0.1
347	-0.0416667	0.360844	0.1
348	-0.125	0.360844	0.1
349	-0.208333	0.360844	0.1
350	-0.291667	0.360844	0.1
351	-0.375	0.360844	0.1
352	-0.458333	0.360844	0.1
353	-0.541667	0.360844	0.1
354	-0.625	0.360844	0.1
355	-0.708333	0.360844	0.1
356	-0.791667	0.360844	0.1
357	-0.75	0.433013	0.1
358	-0.666667	0.433013	0.1
359	-0.583333	0.433013	0.1
360	-0.5	0.433013	0.1
361	-0.416667	0.433013	0.1
362	-0.333333	0.433013	0.1
363	-0.25	0.433013	0.1
364	-0.166667	0.433013	0.1
365	-0.0833333	0.433013	0.1
366	0	0.433013	0.1
367	0.0833333	0.433013	0.1
368	0.166667	0.433013	0.1
369	0.25	0.433013	0.1
370	0.333333	0.433013	0.1
371	0.416667	0.433013	0.1
372	0.5	0.433013	0.1
373	0.583333	0.433013	0.1
374	0.666667	0.433013	0.1
375	0.75	0.433013	0.1
376	0.708333	0.505181	0.1
377	0.625	0.505181	0.1
378	0.541667	0.505181	0.1
379	0.458333	0.505181	0.1
380	0.375	0.505181	0.1
381	0.291667	0.505181	0.1
382	0.208333	0.505181	0.1
383	0.125	0.505181	0.1
384	0.0416667	0.505181	0.1
385	-0.0416667	0.505181	0.1
386	-0.125	0.505181	0.1
387	-0.208333	0.505181	0.1
388	-0.291667	0.505181	0.1
389	-0.375	0.505181	0.1
390	-0.458333	0.505181	0.1
391	-0.541667	0.505181	0.1
392	-0.625	0.505181	0.1
393	-0.708333	0.505181	0.1
394	-0.666667	0.57735	0.1
395	-0.583333	0.57735	0.1
396	-0.5	0.57735	0.1
397	-0.416667	0.57735	0.1
398	-0.333333	0.57735	0.1
399	-0.25	0.57735	0.1
400	-0.166667	0.57735	0.1
401	-0.0833333	0.57735	0.1
402	0	0.57735	0.1
403	0.0833333	0.57735	0.1
404	0.166667	0.57735	0.1
405	0.25	0.57735	0.1
406	0.333333	0.57735	0.1
407	0.416667	0.57735	0.1
408	0.5	0.57735	0.1
409	0.583333	0.57735	0.1
410	0.666667	0.57735	0.1
411	0.625	0.649519	0.1
412	0.541667	0.649519	0.1
413	0.458333	0.649519	0.1
414	0.375	0.649519	0.1
415	0.291667	0.649519	0.1
416	0.208333	0.649519	0.1
417	0.125	0.649519	0.1
418	0.0416667	0.649519	0.1
419	-0.0416667	0.649519	0.1
420	-0.125	0.649519	0.1
421	-0.208333	0.649519	0.1
422	-0.291667	0.649519	0.1
423	-0.375	0.649519	0.1
424	-0.458333	0.649519	0.1
425	-0.541667	0.649519	0.1
426	-0.625	0.649519	0.1
427	-0.583333	0.721688	0.1
428	-0.5	0.721688	0.1
429	-0.416667	0.721688	0.1
430	-0.333333	0.721688	0.1
431	-0.25	0.721688	0.1
432	-0.166667	0.721688	0.1
433	-0.0833333	0.721688	0.1
434	0	0.721688	0.1
435	0.0833333	0.721688	0.1
436	0.166667	0.721688	0.1
437	0.25	0.721688	0.1
438	0.333333	0.721688	0.1
439	0.416667	0.721688	0.1
440	0.5	0.721688	0.1
441	0.583333	0.721688	0.1
442	0.541667	0.793857	0.1
443	0.458333	0.793857	0.1
444	0.375	0.793857	0.1
445	0.291667	0.793857	0.1
446	0.208333	0.793857	0.1
447	0.125	0.793857	0.1
448	0.0416667	0.793857	0.1
449	-0.0416667	0.793857	0.1
450	-0.125	0.793857	0.1
451	-0.208333	0.793857	0.1
452	-0.291667	0.793857	0.1
453	-0.375	0.793857	0.1
454	-0.458333	0.793857	0.1
455	-0.541667	0.793857	0.1
456	-0.5	0.866025	0.1
457	-0.416667	0.866025	0.1
458	-0.333333	0.866025	0.1
459	-0.25	0.866025	0.1
460	-0.166667	0.866025	0.1
461	-0.0833333	0.866025	0.1
462	0	0.866025	0.1
463	0.0833333	0.866025	0.1
464	0.166667	0.866025	0.1
465	0.25	0.866025	0.1
466	0.333333	0.866025	0.1
467	0.416667	0.866025	0.1
468	0.5	0.866025	0.1
